2.000000000000000000e+00 7.608607858163053784e-09
3.000000000000000000e+00 9.664650304839180508e-09
4.000000000000000000e+00 1.008309306632180947e-08
5.000000000000000000e+00 9.901689190597211444e-09
6.000000000000000000e+00 9.483545527913841535e-09
7.000000000000000000e+00 8.978467495756113000e-09
8.000000000000000000e+00 8.454051793953968918e-09
9.000000000000000000e+00 7.941943544689944118e-09
1.000000000000000000e+01 7.456632386471185285e-09
1.100000000000000000e+01 7.004464711035976836e-09
1.200000000000000000e+01 6.586012927433265705e-09
1.300000000000000000e+01 6.201134666910952720e-09
1.400000000000000000e+01 5.847945805457432203e-09
1.500000000000000000e+01 5.524083987924802372e-09
1.600000000000000000e+01 5.227015523260551492e-09
1.700000000000000000e+01 4.954249763902347888e-09
1.800000000000000000e+01 4.703455027292796464e-09
1.900000000000000000e+01 4.472459309576951823e-09
2.000000000000000000e+01 4.259285865693529078e-09
2.100000000000000000e+01 4.062152610680620672e-09
2.300000000000000000e+01 3.709814410262311000e-09
2.400000000000000000e+01 3.551929977986599862e-09
2.500000000000000000e+01 3.404692461280736517e-09
2.700000000000000000e+01 3.138308301520788894e-09
2.800000000000000000e+01 3.017501159710037389e-09
3.000000000000000000e+01 2.797171953808883381e-09
3.200000000000000000e+01 2.601455475565239018e-09
3.300000000000000000e+01 2.511620582295200955e-09
3.500000000000000000e+01 2.346047856201253439e-09
3.700000000000000000e+01 2.197072867634994167e-09
3.900000000000000000e+01 2.062473158609720143e-09
4.200000000000000000e+01 1.883659886619909040e-09
4.400000000000000000e+01 1.777678463409638870e-09
4.600000000000000000e+01 1.680863528070759143e-09
4.900000000000000000e+01 1.550639961647639101e-09
5.200000000000000000e+01 1.435908906025798093e-09
5.500000000000000000e+01 1.334342511276919518e-09
5.800000000000000000e+01 1.244030521589932473e-09
6.100000000000000000e+01 1.163396207938178297e-09
6.400000000000000000e+01 1.091122670090278032e-09
6.800000000000000000e+01 1.005875750003607267e-09
7.200000000000000000e+01 9.313786999833777463e-10
7.600000000000000000e+01 8.659104610148899616e-10
8.000000000000000000e+01 8.080395807646415436e-10
8.500000000000000000e+01 7.446540890685847341e-10
9.000000000000000000e+01 6.895519592007594871e-10
9.500000000000000000e+01 6.412853158290685291e-10
1.000000000000000000e+02 5.987340247105986621e-10
1.060000000000000000e+02 5.539383490238333471e-10
1.110000000000000000e+02 5.209860802635327002e-10
1.180000000000000000e+02 4.803901157137184483e-10
1.240000000000000000e+02 4.499016015017348843e-10
1.310000000000000000e+02 4.185038102593458515e-10
1.390000000000000000e+02 3.872044378788753298e-10
1.460000000000000000e+02 3.631597139497020865e-10
1.550000000000000000e+02 3.360467354944833239e-10
1.630000000000000000e+02 3.149496586913497285e-10
1.720000000000000000e+02 2.940235015940154144e-10
1.820000000000000000e+02 2.736762368825863627e-10
1.920000000000000000e+02 2.558672325375165112e-10
2.030000000000000000e+02 2.386966546055640964e-10
2.150000000000000000e+02 2.223485021763018001e-10
2.270000000000000000e+02 2.080500837730022964e-10
2.390000000000000000e+02 1.954451980690171987e-10
2.530000000000000000e+02 1.825036856632565416e-10
2.670000000000000000e+02 1.711265233062494279e-10
2.820000000000000000e+02 1.603620296929844434e-10
2.980000000000000000e+02 1.502174522076182772e-10
3.140000000000000000e+02 1.412170221039712307e-10
3.320000000000000000e+02 1.322272556720642311e-10
3.500000000000000000e+02 1.242416917219112321e-10
3.700000000000000000e+02 1.163516056282357459e-10
3.910000000000000000e+02 1.089996052843543052e-10
4.130000000000000000e+02 1.021525820933942440e-10
4.360000000000000000e+02 9.577412843503194010e-11
4.600000000000000000e+02 8.982849410698490192e-11
4.860000000000000000e+02 8.407130798481388727e-11
5.130000000000000000e+02 7.872497069803318820e-11
5.420000000000000000e+02 7.358676890949611790e-11
5.720000000000000000e+02 6.882956223467257658e-11
6.040000000000000000e+02 6.428555360330367911e-11
6.380000000000000000e+02 5.996569540219684046e-11
6.730000000000000000e+02 5.598220046488830001e-11
7.110000000000000000e+02 5.210872240565619065e-11
7.510000000000000000e+02 4.846354706708560027e-11
7.930000000000000000e+02 4.504225714636222722e-11
8.370000000000000000e+02 4.183930982926238987e-11
8.840000000000000000e+02 3.878423550868812331e-11
9.330000000000000000e+02 3.594274897696882104e-11
9.860000000000000000e+02 3.320609681656830793e-11
1.041000000000000000e+03 3.068134365045225079e-11
1.099000000000000000e+03 2.831483139880859256e-11
1.160000000000000000e+03 2.610512444956125731e-11
1.225000000000000000e+03 2.401845457654680707e-11
1.294000000000000000e+03 2.206015540005620158e-11
1.366000000000000000e+03 2.025568415277016118e-11
1.443000000000000000e+03 1.855457265523190252e-11
1.523000000000000000e+03 1.699727725394062995e-11
1.608000000000000000e+03 1.554498620931003877e-11
1.698000000000000000e+03 1.419443423038615561e-11
1.793000000000000000e+03 1.294583779969587303e-11
1.894000000000000000e+03 1.178551615137767926e-11
2.000000000000000000e+03 1.072287860168151000e-11
