2.000000000000000000e+00 1.169029399072782005e-12
3.000000000000000000e+00 8.184251350196115880e-13
4.000000000000000000e+00 6.248086010869694874e-13
5.000000000000000000e+00 5.023554754046000740e-13
6.000000000000000000e+00 4.181099279289392940e-13
7.000000000000000000e+00 3.567191233174790088e-13
8.000000000000000000e+00 3.100687467603548513e-13
9.000000000000000000e+00 2.734712958809945026e-13
1.000000000000000000e+01 2.440307591798701487e-13
1.100000000000000000e+01 2.198618117332117464e-13
1.200000000000000000e+01 1.996852222679031913e-13
1.300000000000000000e+01 1.826030592363222903e-13
1.400000000000000000e+01 1.679665397372236744e-13
1.500000000000000000e+01 1.552947795774693984e-13
1.600000000000000000e+01 1.442250244807222881e-13
1.700000000000000000e+01 1.344782459204286468e-13
1.800000000000000000e+01 1.258354512439905525e-13
1.900000000000000000e+01 1.181236275783093000e-13
2.000000000000000000e+01 1.112037089932279163e-13
2.100000000000000000e+01 1.049627196045706769e-13
2.300000000000000000e+01 9.416305566055065817e-14
2.400000000000000000e+01 8.946347702506061227e-14
2.600000000000000000e+01 8.119473277540306354e-14
2.800000000000000000e+01 7.416094932028248393e-14
3.000000000000000000e+01 6.811229220888859147e-14
3.200000000000000000e+01 6.286142174366784612e-14
3.400000000000000000e+01 5.826500504933885470e-14
3.600000000000000000e+01 5.421174927050517935e-14
3.800000000000000000e+01 5.061414820474457177e-14
4.100000000000000000e+01 4.592219948953706005e-14
4.300000000000000000e+01 4.318554313181911588e-14
4.600000000000000000e+01 3.956193372429930104e-14
4.900000000000000000e+01 3.641917786356887997e-14
5.300000000000000000e+01 3.282996426117573163e-14
5.600000000000000000e+01 3.050569844384853579e-14
6.000000000000000000e+01 2.780335138115146694e-14
6.400000000000000000e+01 2.547302879158345832e-14
6.800000000000000000e+01 2.344592370649333094e-14
7.200000000000000000e+01 2.166918112316719431e-14
7.700000000000000000e+01 1.973763549537477856e-14
8.200000000000000000e+01 1.807001095810003814e-14
8.700000000000000000e+01 1.661791201197737286e-14
9.300000000000000000e+01 1.510829858111903868e-14
9.900000000000000000e+01 1.380631997935852975e-14
1.060000000000000000e+02 1.249968103169316788e-14
1.130000000000000000e+02 1.137844007110758235e-14
1.200000000000000000e+02 1.040786394573723977e-14
1.280000000000000000e+02 9.449040690462031966e-15
1.360000000000000000e+02 8.621327047757959242e-15
1.450000000000000000e+02 7.817761798912036884e-15
1.540000000000000000e+02 7.124512194996219657e-15
1.650000000000000000e+02 6.398397048481989178e-15
1.750000000000000000e+02 5.832321401677753931e-15
1.870000000000000000e+02 5.248427038545125635e-15
1.990000000000000000e+02 4.749027859780963472e-15
2.120000000000000000e+02 4.285041945897608885e-15
2.260000000000000000e+02 3.857842243549869320e-15
2.400000000000000000e+02 3.491540941942859255e-15
2.560000000000000000e+02 3.133190146354046918e-15
2.730000000000000000e+02 2.809326988900596491e-15
2.910000000000000000e+02 2.517711361203247364e-15
3.090000000000000000e+02 2.268660725659144894e-15
3.300000000000000000e+02 2.021364544362578442e-15
3.510000000000000000e+02 1.811603760507823889e-15
3.740000000000000000e+02 1.616384900943799649e-15
3.980000000000000000e+02 1.443611659029183495e-15
4.240000000000000000e+02 1.285018235029740693e-15
4.520000000000000000e+02 1.140822699915757321e-15
4.810000000000000000e+02 1.014723046236597345e-15
5.130000000000000000e+02 8.974615030446811592e-16
5.460000000000000000e+02 7.957214856179365091e-16
5.820000000000000000e+02 7.024005963436947115e-16
6.200000000000000000e+02 6.198024984353361815e-16
6.600000000000000000e+02 5.468863275882653199e-16
7.030000000000000000e+02 4.811914113406384198e-16
7.490000000000000000e+02 4.224920762269437247e-16
7.980000000000000000e+02 3.703570649058708517e-16
8.490000000000000000e+02 3.250910992356343818e-16
9.050000000000000000e+02 2.837250412796753034e-16
9.640000000000000000e+02 2.475790284343923310e-16
1.026000000000000000e+03 2.160599774892996772e-16
1.093000000000000000e+03 1.878436627466127275e-16
1.164000000000000000e+03 1.631427879300787716e-16
1.240000000000000000e+03 1.413373958016533406e-16
1.321000000000000000e+03 1.222164259386688893e-16
1.407000000000000000e+03 1.055399049088336896e-16
1.499000000000000000e+03 9.091294046077546201e-17
1.596000000000000000e+03 7.828563605905494376e-17
1.700000000000000000e+03 6.721725651914123322e-17
1.811000000000000000e+03 5.758631602429306540e-17
1.928000000000000000e+03 4.931966216796571342e-17
2.054000000000000000e+03 4.208467890810744068e-17
2.188000000000000000e+03 3.585008167013008982e-17
2.330000000000000000e+03 3.050377846407112197e-17
2.482000000000000000e+03 2.588225828053279715e-17
2.643000000000000000e+03 2.193675992153364177e-17
2.815000000000000000e+03 1.854579072618799615e-17
2.999000000000000000e+03 1.563563367441933558e-17
3.194000000000000000e+03 1.316655048270195129e-17
3.402000000000000000e+03 1.106162084375677342e-17
3.623000000000000000e+03 9.277761415572125762e-18
3.859000000000000000e+03 7.761817876170034143e-18
4.110000000000000000e+03 6.481362084147761277e-18
4.377000000000000000e+03 5.401956255300948463e-18
4.662000000000000000e+03 4.490822881285878098e-18
4.966000000000000000e+03 3.724330093212743147e-18
5.289000000000000000e+03 3.083346253058689279e-18
5.633000000000000000e+03 2.547179687803971074e-18
6.000000000000000000e+03 2.098860575345163629e-18
